14.39800|0.01829
18.79600|0.00371
23.19400|0.00664
27.59200|0.00805
31.99000|0.01244
36.38800|0.02276
40.78600|0.01186
45.18400|0.00861
49.58200|0.03060
53.98000|0.00643
58.37800|0.00354
62.77600|0.00131
67.17400|0.00101
71.57200|0.00169
75.97000|0.00259
80.36800|0.00252
84.76600|0.00188
89.16400|0.00133
93.56200|0.00046
97.96001|0.00028
102.35800|0.00118
106.75600|0.00124
111.15400|0.00139
115.55201|0.00094
119.95000|0.00220
124.34800|0.00132
128.74600|0.00183
133.14400|0.00140
137.54201|0.00150
141.94000|0.00104
146.33801|0.00091
150.73601|0.00273
155.13400|0.00069
159.53200|0.00017
163.92999|0.00071
168.32799|0.00078
172.72601|0.00130
177.12401|0.00087
181.52200|0.00151
185.92000|0.00101
190.31799|0.00088
194.71600|0.00031
199.11400|0.00172
203.51199|0.00051
207.91000|0.00047
212.30801|0.00094
216.70601|0.00093
221.10400|0.00078
225.50200|0.00046
229.89999|0.00051
234.29800|0.00038
238.69600|0.00069
243.09401|0.00055
247.49200|0.00150
251.89001|0.00127
256.28799|0.00142
260.68600|0.00137
265.08401|0.00154
269.48199|0.00150
273.88000|0.00155
278.27802|0.00123
282.67599|0.00102
287.07401|0.00111
291.47202|0.00094
295.87003|0.00132
300.26801|0.00129
304.66602|0.00117
309.06400|0.00114
313.46201|0.00087
317.86002|0.00075
322.25800|0.00039
326.65601|0.00039
331.05402|0.00031
335.45200|0.00026
339.85001|0.00072
344.24802|0.00093
348.64600|0.00051
353.04401|0.00127
357.44199|0.00084
361.84000|0.00138
366.23801|0.00088
370.63599|0.00089
375.03403|0.00065
379.43198|0.00015
383.83002|0.00036
388.22803|0.00032
392.62601|0.00002
397.02402|0.00049
401.42203|0.00093
405.82001|0.00084
410.21802|0.00068
414.61600|0.00115
419.01401|0.00118
423.41202|0.00089
427.81000|0.00102
432.20801|0.00076
436.60599|0.00063
441.00400|0.00040
445.40204|0.00017
449.79999|0.00114
454.19803|0.00003
458.59598|0.00024
462.99402|0.00085
467.39203|0.00083
471.79001|0.00100
476.18802|0.00108
480.58600|0.00101
484.98401|0.00071
489.38202|0.00026
493.78000|0.00033
498.17801|0.00059
502.57602|0.00108
506.97400|0.00163
511.37201|0.00199
515.77002|0.00201
520.16803|0.00198
524.56604|0.00181
528.96399|0.00170
533.36200|0.00078
537.76001|0.00028
542.15802|0.00135
546.55603|0.00259
550.95398|0.00283
555.35199|0.00398
559.75000|0.00498
564.14801|0.00648
568.54602|0.00811
572.94403|0.00991
577.34204|0.01403
581.73999|0.01209
586.13800|0.00732
590.53601|0.00582
594.93402|0.00408
599.33203|0.00371
603.73004|0.00276
608.12799|0.00233
612.52600|0.00131
616.92401|0.00047
621.32202|0.00037
625.72003|0.00080
630.11798|0.00115
634.51599|0.00100
638.91400|0.00102
643.31201|0.00088
647.71002|0.00089
652.10803|0.00048
656.50598|0.00056
660.90405|0.00031
665.30200|0.00051
669.70001|0.00062
674.09802|0.00075
678.49603|0.00097
682.89398|0.00067
687.29205|0.00060
691.69000|0.00036
696.08801|0.00007
700.48596|0.00059
704.88403|0.00031
709.28198|0.00036
713.67999|0.00067
718.07806|0.00064
722.47601|0.00074
726.87396|0.00068
731.27203|0.00063
735.67004|0.00033
740.06799|0.00016
744.46606|0.00005
748.86401|0.00054
753.26202|0.00053
757.65997|0.00081
762.05804|0.00062
766.45599|0.00068
770.85400|0.00074
775.25201|0.00058
779.65002|0.00054
784.04797|0.00013
788.44604|0.00009
792.84406|0.00045
797.24200|0.00037
801.63995|0.00057
806.03802|0.00087
810.43604|0.00086
814.83398|0.00090
819.23206|0.00096
823.63000|0.00071
828.02802|0.00084
832.42603|0.00073
836.82404|0.00073
841.22198|0.00072
845.62006|0.00059
850.01801|0.00122
854.41602|0.00063
858.81396|0.00080
863.21204|0.00060
867.60999|0.00034
872.00800|0.00045
876.40607|0.00040
880.80402|0.00042
885.20203|0.00052
889.60004|0.00048
893.99805|0.00058
898.39600|0.00071
902.79401|0.00062
907.19202|0.00072
911.59003|0.00065
915.98798|0.00069
920.38605|0.00055
924.78400|0.00115
929.18201|0.00190
933.58008|0.00260
937.97803|0.00251
942.37598|0.00198
946.77405|0.00135
951.17206|0.00031
955.57001|0.00046
959.96796|0.00026
964.36603|0.00028
968.76404|0.00010
973.16199|0.00008
977.56006|0.00034
981.95801|0.00047
986.35602|0.00006
990.75403|0.00010
995.15204|0.00030
999.54999|0.00087
1003.94800|0.00011
1008.34601|0.00034
1012.74402|0.00023
1017.14197|0.00012
1021.54004|0.00027
1025.93799|0.00010
1030.33594|0.00013
1034.73401|0.00017
1039.13208|0.00021
1043.53003|0.00014
1047.92810|0.00034
1052.32605|0.00049
1056.72400|0.00037
1061.12195|0.00033
1065.52002|0.00041
1069.91797|0.00050
1074.31604|0.00052
1078.71399|0.00054
1083.11206|0.00050
1087.51001|0.00040
1091.90808|0.00038
1096.30603|0.00017
1100.70398|0.00029
1105.10193|0.00021
1109.50000|0.00010
1113.89807|0.00024
1118.29602|0.00038
1122.69409|0.00041
1127.09204|0.00049
1131.48999|0.00059
1135.88806|0.00051
1140.28601|0.00062
1144.68396|0.00032
1149.08203|0.00039
1153.47998|0.00031
1157.87805|0.00031
1162.27600|0.00029
1166.67407|0.00017
1171.07202|0.00046
1175.46997|0.00076
1179.86804|0.00064
1184.26599|0.00060
1188.66406|0.00070
1193.06201|0.00071
1197.46008|0.00061
1201.85803|0.00048
1206.25610|0.00036
1210.65405|0.00032
1215.05200|0.00013
1219.44995|0.00015
1223.84802|0.00009
1228.24597|0.00018
1232.64404|0.00034
1237.04199|0.00041
1241.44006|0.00066
1245.83801|0.00060
1250.23608|0.00101
1254.63403|0.00058
1259.03198|0.00050
1263.42993|0.00048
1267.82800|0.00040
1272.22607|0.00037
1276.62402|0.00066
1281.02209|0.00074
1285.42004|0.00078
1289.81799|0.00077
1294.21606|0.00095
1298.61401|0.00086
1303.01196|0.00066
1307.41003|0.00026
1311.80798|0.00125
1316.20605|0.00192
1320.60400|0.00131
1325.00208|0.00085
1329.40015|0.00055
1333.79797|0.00060
1338.19604|0.00054
1342.59399|0.00068
1346.99207|0.00067
1351.39001|0.00086
1355.78796|0.00061
1360.18604|0.00057
1364.58411|0.00073
1368.98193|0.00083
1373.38000|0.00074
1377.77808|0.00058
1382.17603|0.00060
1386.57397|0.00048
1390.97205|0.00046
1395.37000|0.00014
1399.76807|0.00030
1404.16614|0.00041
1408.56396|0.00061
1412.96204|0.00086
1417.36011|0.00091
1421.75793|0.00106
1426.15601|0.00096
1430.55408|0.00090
1434.95203|0.00042
1439.35010|0.00025
1443.74792|0.00060
1448.14600|0.00073
1452.54407|0.00123
1456.94202|0.00120
1461.33997|0.00111
1465.73804|0.00090
1470.13599|0.00067
1474.53406|0.00034
1478.93213|0.00025
1483.32996|0.00044
1487.72803|0.00122
1492.12610|0.00193
1496.52393|0.00349
1500.92200|0.00641
1505.32007|0.04002
1509.71802|0.00411
1514.11609|0.00151
1518.51404|0.00054
1522.91199|0.00050
1527.31006|0.00089
1531.70813|0.00110
1536.10596|0.00109
1540.50403|0.00092
1544.90198|0.00094
1549.30005|0.00111
1553.69812|0.00059
1558.09595|0.00041
1562.49402|0.00039
1566.89209|0.00027
1571.28992|0.00035
1575.68799|0.00040
1580.08606|0.00043
1584.48401|0.00045
1588.88208|0.00047
1593.28003|0.00037
1597.67798|0.00047
1602.07605|0.00033
1606.47412|0.00054
1610.87195|0.00063
1615.27002|0.00071
1619.66809|0.00065
1624.06604|0.00073
1628.46411|0.00049
1632.86206|0.00053
1637.26001|0.00039
1641.65808|0.00036
1646.05591|0.00009
1650.45398|0.00030
1654.85205|0.00037
1659.25000|0.00044
1663.64807|0.00053
1668.04602|0.00050
1672.44397|0.00053
1676.84204|0.00043
1681.24011|0.00030
1685.63794|0.00026
1690.03601|0.00021
1694.43408|0.00027
1698.83203|0.00029
1703.22998|0.00047
1707.62805|0.00053
1712.02600|0.00051
1716.42407|0.00055
1720.82214|0.00038
1725.21997|0.00029
1729.61804|0.00011
1734.01611|0.00002
1738.41406|0.00014
1742.81201|0.00025
1747.20996|0.00030
1751.60803|0.00036
1756.00610|0.00043
1760.40393|0.00037
1764.80200|0.00035
1769.20007|0.00023
1773.59802|0.00005
1777.99597|0.00006
1782.39404|0.00018
1786.79199|0.00018
1791.19006|0.00032
1795.58813|0.00042
1799.98596|0.00032
1804.38403|0.00046
1808.78210|0.00036
1813.18005|0.00055
1817.57800|0.00048
1821.97607|0.00047
1826.37402|0.00058
1830.77209|0.00058
1835.17017|0.00069
1839.56799|0.00044
1843.96606|0.00055
1848.36401|0.00070
1852.76196|0.00054
1857.16003|0.00061
1861.55798|0.00020
1865.95605|0.00056
1870.35413|0.00078
1874.75195|0.00091
1879.15002|0.00087
1883.54810|0.00083
1887.94592|0.00073
1892.34399|0.00096
1896.74207|0.00126
1901.14001|0.00140
1905.53809|0.00136
1909.93616|0.00149
1914.33398|0.00158
1918.73206|0.00133
1923.13013|0.00118
1927.52795|0.00108
1931.92603|0.00089
1936.32410|0.00060
1940.72205|0.00041
1945.12012|0.00034
1949.51807|0.00066
1953.91602|0.00041
1958.31409|0.00074
1962.71191|0.00082
1967.10999|0.00065
1971.50806|0.00065
1975.90601|0.00040
1980.30408|0.00032
1984.70203|0.00040
1989.09998|0.00041
1993.49805|0.00054
1997.89612|0.00056
2002.29395|0.00056
2006.69202|0.00053
2011.09009|0.00123
2015.48804|0.00080
2019.88611|0.00036
2024.28406|0.00059
2028.68201|0.00060
2033.08008|0.00082
2037.47815|0.00108
2041.87598|0.00106
2046.27405|0.00117
2050.67212|0.00088
2055.07007|0.00090
2059.46802|0.00102
2063.86597|0.00095
2068.26392|0.00115
2072.66211|0.00111
2077.06006|0.00118
2081.45801|0.00137
2085.85620|0.00152
2090.25391|0.00166
2094.65210|0.00156
2099.05005|0.00136
2103.44800|0.00093
2107.84595|0.00085
2112.24414|0.00084
2116.64209|0.00110
2121.04004|0.00130
2125.43799|0.00174
2129.83594|0.00199
2134.23413|0.00177
2138.63208|0.00169
2143.03003|0.00128
2147.42798|0.00097
2151.82617|0.00074
2156.22412|0.00078
2160.62207|0.00094
2165.02002|0.00112
2169.41797|0.00145
2173.81616|0.00142
2178.21387|0.00139
2182.61206|0.00141
2187.01001|0.00141
2191.40796|0.00119
2195.80615|0.00104
2200.20410|0.00110
2204.60205|0.00120
2209.00000|0.00122
2213.39819|0.00106
2217.79590|0.00098
2222.19409|0.00064
2226.59204|0.00066
2230.98999|0.00062
2235.38794|0.00081
2239.78613|0.00112
2244.18408|0.00136
2248.58203|0.00177
2252.98022|0.00204
2257.37793|0.00238
2261.77612|0.00237
2266.17407|0.00226
2270.57202|0.00186
2274.96997|0.00153
2279.36792|0.00106
2283.76611|0.00114
2288.16406|0.00151
2292.56201|0.00178
2296.95996|0.00197
2301.35815|0.00185
2305.75610|0.00132
2310.15405|0.00134
2314.55200|0.00125
2318.94995|0.00119
2323.34814|0.00109
2327.74609|0.00110
2332.14404|0.00166
2336.54199|0.00206
2340.94019|0.00265
2345.33813|0.00294
2349.73608|0.00288
2354.13403|0.00221
2358.53198|0.00166
2362.93018|0.00121
2367.32788|0.00138
2371.72607|0.00177
2376.12402|0.00220
2380.52197|0.00213
2384.91992|0.00205
2389.31812|0.00201
2393.71606|0.00219
2398.11401|0.00241
2402.51221|0.00218
2406.90991|0.00168
2411.30811|0.00099
2415.70605|0.00080
2420.10400|0.00151
2424.50195|0.00204
2428.90015|0.00226
2433.29810|0.00163
2437.69604|0.00068
2442.09424|0.00040
2446.49194|0.00053
2450.89014|0.00124
2455.28809|0.00146
2459.68604|0.00114
2464.08398|0.00078
2468.48193|0.00111
2472.88013|0.00174
2477.27808|0.00187
2481.67603|0.00239
2486.07397|0.00229
2490.47217|0.00178
2494.86987|0.00097
2499.26807|0.00059
2503.66602|0.00065
2508.06396|0.00106
2512.46216|0.00163
2516.86011|0.00194
2521.25806|0.00178
2525.65601|0.00130
2530.05420|0.00104
2534.45190|0.00078
2538.85010|0.00126
2543.24805|0.00123
2547.64600|0.00089
2552.04419|0.00129
2556.44214|0.00136
2560.84009|0.00129
2565.23804|0.00089
2569.63599|0.00077
2574.03394|0.00044
2578.43213|0.00066
2582.83008|0.00138
2587.22803|0.00167
2591.62598|0.00200
2596.02393|0.00210
2600.42212|0.00157
2604.82007|0.00107
2609.21826|0.00097
2613.61597|0.00109
2618.01392|0.00131
2622.41211|0.00128
2626.81006|0.00087
2631.20801|0.00003
2635.60620|0.00076
2640.00415|0.00147
2644.40186|0.00191
2648.80029|0.00194
2653.19800|0.00188
2657.59595|0.00176
2661.99414|0.00149
2666.39209|0.00116
2670.79004|0.00072
2675.18823|0.00059
2679.58618|0.00052
2683.98389|0.00090
2688.38208|0.00142
2692.78003|0.00159
2697.17798|0.00173
2701.57617|0.00163
2705.97412|0.00137
2710.37207|0.00096
2714.77026|0.00055
2719.16821|0.00062
2723.56592|0.00089
2727.96387|0.00130
2732.36206|0.00142
2736.76001|0.00133
2741.15796|0.00090
2745.55615|0.00059
2749.95410|0.00053
2754.35181|0.00061
2758.75024|0.00060
2763.14795|0.00043
2767.54590|0.00007
2771.94409|0.00038
2776.34204|0.00055
2780.73999|0.00066
2785.13818|0.00076
2789.53613|0.00071
2793.93384|0.00038
2798.33203|0.00037
2802.72998|0.00070
2807.12793|0.00095
2811.52612|0.00097
2815.92407|0.00068
2820.32202|0.00045
2824.72021|0.00013
2829.11816|0.00057
2833.51587|0.00064
2837.91406|0.00073
2842.31201|0.00056
2846.70996|0.00043
2851.10815|0.00028
2855.50610|0.00064
2859.90405|0.00072
2864.30225|0.00091
2868.70020|0.00082
2873.09790|0.00050
2877.49609|0.00018
2881.89404|0.00070
2886.29199|0.00114
2890.69019|0.00129
2895.08813|0.00129
2899.48608|0.00126
2903.88428|0.00102
2908.28223|0.00087
2912.67993|0.00067
2917.07813|0.00042
2921.47607|0.00052
2925.87402|0.00041
2930.27197|0.00018
2934.67017|0.00023
2939.06812|0.00053
2943.46582|0.00055
2947.86401|0.00045
2952.26196|0.00066
2956.65991|0.00072
2961.05811|0.00072
2965.45605|0.00070
2969.85400|0.00074
2974.25220|0.00065
2978.65015|0.00048
2983.04785|0.00050
2987.44604|0.00062
2991.84399|0.00071
2996.24194|0.00073
3000.64014|0.00066
3005.03809|0.00094
3009.43604|0.00105
3013.83423|0.00097
3018.23218|0.00082
3022.62988|0.00047
3027.02808|0.00048
3031.42603|0.00027
3035.82397|0.00035
3040.22217|0.00043
3044.62012|0.00040
3049.01807|0.00034
3053.41626|0.00048
3057.81396|0.00054
3062.21191|0.00048
3066.61011|0.00039
3071.00806|0.00028
3075.40601|0.00043
3079.80420|0.00075
3084.20215|0.00097
3088.60010|0.00097
3092.99829|0.00098
3097.39600|0.00089
3101.79395|0.00085
3106.19214|0.00069
3110.59009|0.00059
3114.98804|0.00068
3119.38623|0.00093
3123.78418|0.00079
3128.18213|0.00078
3132.57983|0.00081
3136.97803|0.00074
3141.37598|0.00043
3145.77393|0.00038
3150.17212|0.00061
3154.57007|0.00114
3158.96802|0.00164
3163.36621|0.00240
3167.76392|0.00293
3172.16187|0.00352
3176.56006|0.00433
3180.95801|0.00663
3185.35596|0.00430
3189.75415|0.00209
3194.15210|0.00181
3198.55005|0.00167
3202.94824|0.00146
3207.34595|0.00110
3211.74390|0.00093
3216.14209|0.00083
3220.54004|0.00096
3224.93799|0.00097
3229.33618|0.00096
3233.73413|0.00083
3238.13208|0.00077
3242.53027|0.00085
3246.92798|0.00108
3251.32593|0.00114
3255.72412|0.00131
3260.12207|0.00145
3264.52002|0.00138
3268.91821|0.00141
3273.31616|0.00128
3277.71387|0.00114
3282.11230|0.00103
3286.51001|0.00106
3290.90796|0.00146
3295.30615|0.00217
3299.70410|0.00305
3304.10205|0.00403
3308.50024|0.00523
3312.89819|0.00693
3317.29590|0.00881
3321.69434|0.01239
3326.09204|0.01407
3330.48999|0.00209
3334.88794|0.00277
3339.28613|0.00453
3343.68408|0.00506
3348.08203|0.00552
3352.48022|0.00509
3356.87793|0.00463
3361.27588|0.00381
3365.67407|0.00291
3370.07202|0.00234
3374.46997|0.00192
3378.86816|0.00224
3383.26611|0.00286
3387.66406|0.00339
3392.06226|0.00366
3396.45996|0.00363
3400.85791|0.00320
3405.25610|0.00239
3409.65405|0.00167
3414.05200|0.00146
3418.45020|0.00212
3422.84814|0.00290
3427.24585|0.00349
3431.64429|0.00345
3436.04199|0.00330
3440.43994|0.00341
3444.83813|0.00369
3449.23608|0.00351
3453.63403|0.00400
3458.03223|0.00432
3462.43018|0.00539
3466.82788|0.00957
3471.22607|0.01765
3475.62402|0.02649
3480.02197|0.01810
3484.42017|0.01685
3488.81812|0.00641
3493.21606|0.00469
3497.61426|0.00378
3502.01221|0.00380
3506.40991|0.00390
3510.80811|0.00342
3515.20605|0.00315
3519.60400|0.00288
3524.00220|0.00251
3528.40015|0.00201
3532.79810|0.00161
3537.19580|0.00143
3541.59424|0.00176
3545.99194|0.00193
3550.38989|0.00157
3554.78809|0.00134
3559.18604|0.00153
3563.58398|0.00136
3567.98218|0.00140
3572.38013|0.00161
3576.77783|0.00162
3581.17627|0.00140
3585.57397|0.00102
3589.97192|0.00088
3594.37012|0.00147
3598.76807|0.00157
3603.16602|0.00187
3607.56421|0.00166
3611.96216|0.00139
3616.35986|0.00104
3620.75806|0.00086
3625.15601|0.00100
3629.55396|0.00111
3633.95215|0.00120
3638.35010|0.00117
3642.74805|0.00108
3647.14624|0.00082
3651.54419|0.00033
3655.94189|0.00023
3660.34009|0.00045
3664.73804|0.00069
3669.13599|0.00070
3673.53418|0.00068
3677.93213|0.00082
3682.33008|0.00096
3686.72827|0.00095
3691.12622|0.00081
3695.52393|0.00041
3699.92212|0.00029
3704.32007|0.00068
3708.71802|0.00100
3713.11621|0.00107
3717.51416|0.00096
3721.91211|0.00066
3726.31030|0.00047
3730.70801|0.00060
3735.10596|0.00105
3739.50415|0.00137
3743.90210|0.00141
3748.30005|0.00130
3752.69800|0.00107
3757.09619|0.00071
3761.49414|0.00054
3765.89185|0.00071
3770.29004|0.00107
3774.68799|0.00144
3779.08594|0.00130
3783.48413|0.00128
3787.88208|0.00146
3792.28003|0.00172
3796.67822|0.00189
3801.07617|0.00215
3805.47388|0.00244
3809.87207|0.00250
3814.27002|0.00206
3818.66797|0.00169
3823.06616|0.00165
3827.46411|0.00124
3831.86206|0.00089
3836.26025|0.00117
3840.65796|0.00093
3845.05591|0.00086
3849.45410|0.00066
3853.85205|0.00062
3858.25000|0.00065
3862.64819|0.00068
3867.04614|0.00066
3871.44409|0.00064
3875.84229|0.00062
3880.23999|0.00037
3884.63794|0.00047
3889.03613|0.00030
3893.43408|0.00041
3897.83203|0.00044
3902.23022|0.00032
3906.62817|0.00043
3911.02612|0.00050
3915.42432|0.00069
3919.82202|0.00084
3924.21997|0.00097
3928.61816|0.00087
3933.01611|0.00076
3937.41406|0.00091
3941.81226|0.00103
3946.21021|0.00156
3950.60815|0.00122
3955.00586|0.00159
3959.40405|0.00132
3963.80200|0.00093
3968.19995|0.00056
3972.59814|0.00058
3976.99609|0.00066
3981.39404|0.00060
3985.79224|0.00067
3990.18994|0.00049
3994.58789|0.00048
3998.98608|0.00058
4003.38403|0.00077
4007.78198|0.00079
4012.18018|0.00069
4016.57813|0.00071
4020.97607|0.00073
4025.37427|0.00083
4029.77197|0.00105
4034.16992|0.00094
4038.56812|0.00013
4042.96606|0.00111
4047.36401|0.00200
4051.76221|0.00286
4056.16016|0.00327
4060.55811|0.00199
4064.95630|0.00069
4069.35400|0.00025
4073.75195|0.00016
4078.15015|0.00047
4082.54810|0.00071
4086.94604|0.00111
4091.34424|0.00134
4095.74219|0.00127
4100.14014|0.00101
4104.53809|0.00121
4108.93604|0.00080
4113.33398|0.00066
4117.73242|0.00133
4122.12988|0.00148
4126.52783|0.00141
4130.92627|0.00135
4135.32422|0.00151
4139.72217|0.00133
4144.12012|0.00109
4148.51807|0.00075
4152.91602|0.00031
4157.31396|0.00057
4161.71191|0.00093
4166.10986|0.00103
4170.50781|0.00116
4174.90625|0.00090
4179.30420|0.00065
4183.70215|0.00041
4188.10010|0.00019
4192.49805|0.00020
4196.89600|0.00030
4201.29395|0.00048
4205.69189|0.00073
4210.08984|0.00096
4214.48828|0.00101
4218.88623|0.00102
4223.28418|0.00103
4227.68213|0.00076
4232.08008|0.00058
4236.47803|0.00025
4240.87598|0.00032
4245.27393|0.00058
4249.67188|0.00089
4254.07031|0.00078
4258.46826|0.00060
4262.86621|0.00029
4267.26416|0.00003
4271.66211|0.00025
4276.06006|0.00040
4280.45801|0.00045
4284.85596|0.00061
4289.25391|0.00059
4293.65234|0.00071
4298.05029|0.00090
4302.44824|0.00127
4306.84619|0.00167
4311.24414|0.00199
4315.64209|0.00216
4320.04004|0.00222
4324.43799|0.00206
4328.83594|0.00167
4333.23438|0.00138
4337.63232|0.00141
4342.03027|0.00167
4346.42822|0.00158
4350.82617|0.00167
4355.22412|0.00155
4359.62207|0.00133
4364.02002|0.00111
4368.41797|0.00080
4372.81592|0.00052
4377.21436|0.00050
4381.61182|0.00081
4386.00977|0.00109
4390.40820|0.00129
4394.80615|0.00105
4399.20410|0.00034
4403.60205|0.00119
4408.00000|0.00190
4412.39795|0.00226
4416.79639|0.00229
4421.19385|0.00237
4425.59180|0.00239
4429.99023|0.00214
4434.38818|0.00206
4438.78613|0.00206
4443.18408|0.00180
4447.58203|0.00157
4451.97998|0.00131
4456.37842|0.00127
4460.77588|0.00121
4465.17383|0.00124
4469.57227|0.00144
4473.97021|0.00172
4478.36816|0.00192
4482.76611|0.00197
4487.16406|0.00187
4491.56201|0.00139
4495.96045|0.00085
4500.35791|0.00031
4504.75586|0.00114
4509.15430|0.00177
4513.55225|0.00206
4517.95020|0.00249
4522.34814|0.00273
4526.74609|0.00251
4531.14404|0.00205
4535.54248|0.00143
4539.93994|0.00101
4544.33789|0.00118
4548.73633|0.00136
4553.13428|0.00158
4557.53223|0.00192
4561.93018|0.00223
4566.32813|0.00230
4570.72607|0.00234
4575.12402|0.00226
4579.52197|0.00204
4583.91992|0.00156
4588.31787|0.00136
4592.71631|0.00185
4597.11426|0.00253
4601.51172|0.00302
4605.91016|0.00343
4610.30811|0.00334
4614.70605|0.00297
4619.10400|0.00272
4623.50195|0.00233
4627.89990|0.00150
4632.29834|0.00070
4636.69629|0.00196
4641.09375|0.00325
4645.49219|0.00361
4649.89014|0.00345
4654.28809|0.00336
4658.68604|0.00370
4663.08398|0.00415
4667.48193|0.00444
4671.88037|0.00446
4676.27832|0.00380
4680.67578|0.00186
4685.07422|0.00102
4689.47217|0.00283
4693.87012|0.00375
4698.26807|0.00367
4702.66602|0.00311
4707.06396|0.00283
4711.46240|0.00248
4715.86035|0.00184
4720.25781|0.00152
4724.65625|0.00258
4729.05420|0.00324
4733.45215|0.00357
4737.85010|0.00387
4742.24805|0.00413
4746.64600|0.00408
4751.04443|0.00308
4755.44238|0.00219
4759.83984|0.00153
4764.23779|0.00168
4768.63623|0.00316
4773.03418|0.00427
4777.43213|0.00500
4781.83008|0.00528
4786.22803|0.00508
4790.62598|0.00386
4795.02393|0.00279
4799.42188|0.00221
4803.81982|0.00153
4808.21826|0.00185
4812.61621|0.00226
4817.01416|0.00258
4821.41211|0.00315
4825.81006|0.00346
4830.20801|0.00318
4834.60596|0.00307
4839.00391|0.00284
4843.40186|0.00259
4847.80029|0.00268
4852.19824|0.00390
4856.59619|0.00464
4860.99414|0.00554
4865.39209|0.00680
4869.79004|0.00676
4874.18799|0.00562
4878.58594|0.00467
4882.98389|0.00385
4887.38232|0.00372
4891.78027|0.00420
4896.17822|0.00590
4900.57617|0.00771
4904.97412|0.00833
4909.37207|0.00946
4913.77002|0.01047
4918.16797|0.01012
4922.56592|0.00897
4926.96436|0.00656
4931.36230|0.00371
4935.76025|0.00426
4940.15820|0.00848
4944.55615|0.01522
4948.95410|0.02380
4953.35205|0.03408
4957.75000|0.04896
4962.14795|0.07125
4966.54639|0.10456
4970.94434|0.07507
4975.34229|0.02862
4979.73975|0.01098
4984.13818|0.01362
4988.53613|0.01700
4992.93408|0.01833
4997.33203|0.01621
5001.72998|0.01440
5006.12793|0.01039
5010.52637|0.00804
5014.92432|0.00473
5019.32178|0.00211
5023.72021|0.00027
5028.11816|0.00191
5032.51611|0.00427
5036.91406|0.00519
5041.31201|0.00519
5045.70996|0.00566
5050.10840|0.00532
5054.50586|0.00451
5058.90381|0.00372
5063.30225|0.00201
5067.70020|0.00041
5072.09814|0.00108
5076.49609|0.00261
5080.89404|0.00375
5085.29199|0.00427
5089.69043|0.00441
5094.08789|0.00402
5098.48584|0.00367
5102.88428|0.00285
5107.28223|0.00216
5111.68018|0.00147
5116.07813|0.00064
5120.47607|0.00020
5124.87402|0.00079
5129.27246|0.00153
5133.66992|0.00200
5138.06787|0.00207
5142.46631|0.00191
5146.86426|0.00152
5151.26221|0.00102
5155.66016|0.00046
5160.05811|0.00074
5164.45605|0.00131
5168.85449|0.00160
5173.25195|0.00187
5177.64990|0.00184
5182.04785|0.00180
5186.44629|0.00179
5190.84424|0.00178
5195.24219|0.00144
5199.64014|0.00105
5204.03809|0.00039
5208.43604|0.00049
5212.83398|0.00132
5217.23193|0.00198
5221.62988|0.00252
5226.02783|0.00261
5230.42627|0.00241
5234.82422|0.00215
5239.22217|0.00145
5243.62012|0.00074
5248.01807|0.00027
5252.41602|0.00081
5256.81445|0.00122
5261.21240|0.00135
5265.61035|0.00130
5270.00830|0.00167
5274.40576|0.00107
5278.80371|0.00084
5283.20166|0.00062
5287.60010|0.00014
5291.99805|0.00069
5296.39600|0.00168
5300.79395|0.00236
5305.19189|0.00297
5309.58984|0.00353
5313.98828|0.00414
5318.38623|0.00466
5322.78418|0.00367
5327.18213|0.00175
5331.58008|0.00076
5335.97803|0.00014
5340.37646|0.00072
5344.77441|0.00125
5349.17236|0.00128
5353.56982|0.00133
5357.96777|0.00167
5362.36572|0.00168
5366.76416|0.00144
5371.16211|0.00093
5375.56006|0.00055
5379.95801|0.00047
5384.35596|0.00081
5388.75391|0.00105
5393.15234|0.00137
5397.55029|0.00152
5401.94824|0.00160
5406.34619|0.00142
5410.74414|0.00098
5415.14209|0.00052
5419.54053|0.00034
5423.93848|0.00058
5428.33643|0.00106
5432.73389|0.00121
5437.13184|0.00115
5441.52979|0.00117
5445.92822|0.00127
5450.32617|0.00152
5454.72412|0.00137
5459.12207|0.00106
5463.52002|0.00063
5467.91797|0.00040
5472.31641|0.00034
5476.71436|0.00054
5481.11230|0.00070
5485.51025|0.00085
5489.90820|0.00070
5494.30615|0.00044
5498.70361|0.00025
5503.10254|0.00026
5507.50000|0.00033
5511.89795|0.00043
5516.29590|0.00051
5520.69385|0.00065
5525.09180|0.00082
5529.49023|0.00095
5533.88818|0.00087
5538.28613|0.00096
5542.68408|0.00167
5547.08203|0.00160
5551.47998|0.00103
5555.87842|0.00077
5560.27637|0.00142
5564.67432|0.00186
5569.07227|0.00192
5573.46973|0.00162
5577.86768|0.00088
5582.26660|0.00038
5586.66406|0.00158
5591.06201|0.00268
5595.45996|0.00346
5599.85791|0.00419
5604.25586|0.00438
5608.65430|0.00427
5613.05225|0.00386
5617.45020|0.00314
5621.84814|0.00248
5626.24609|0.00160
5630.64404|0.00101
5635.04248|0.00074
5639.44043|0.00064
5643.83838|0.00028
5648.23633|0.00053
5652.63379|0.00113
5657.03174|0.00157
5661.43018|0.00164
5665.82813|0.00136
5670.22607|0.00105
5674.62402|0.00087
5679.02197|0.00064
5683.41992|0.00069
5687.81787|0.00105
5692.21631|0.00096
5696.61426|0.00083
5701.01221|0.00087
5705.41016|0.00059
5709.80811|0.00064
5714.20605|0.00097
5718.60449|0.00121
5723.00244|0.00115
5727.39990|0.00132
5731.79785|0.00135
5736.19580|0.00106
5740.59375|0.00115
5744.99219|0.00089
5749.39014|0.00080
5753.78809|0.00101
5758.18604|0.00102
5762.58398|0.00129
5766.98193|0.00168
5771.38037|0.00170
5775.77832|0.00169
5780.17627|0.00190
5784.57422|0.00219
5788.97217|0.00158
5793.36963|0.00139
5797.76855|0.00154
5802.16650|0.00153
5806.56396|0.00182
5810.96191|0.00203
5815.35986|0.00191
5819.75781|0.00195
5824.15625|0.00161
5828.55420|0.00123
5832.95215|0.00109
5837.35010|0.00149
5841.74805|0.00198
5846.14600|0.00225
5850.54443|0.00275
5854.94238|0.00301
5859.34033|0.00297
5863.73828|0.00257
5868.13623|0.00204
5872.53369|0.00201
5876.93262|0.00217
5881.33057|0.00251
5885.72803|0.00284
5890.12598|0.00334
5894.52393|0.00391
5898.92188|0.00394
5903.31982|0.00339
5907.71826|0.00289
5912.11621|0.00263
5916.51416|0.00232
5920.91211|0.00213
5925.31006|0.00203
5929.70801|0.00227
5934.10645|0.00252
5938.50439|0.00285
5942.90234|0.00271
5947.29980|0.00238
5951.69775|0.00219
5956.09570|0.00190
5960.49414|0.00171
5964.89209|0.00173
5969.29004|0.00170
5973.68799|0.00184
5978.08594|0.00220
5982.48389|0.00251
5986.88232|0.00274
5991.28027|0.00255
5995.67822|0.00228
6000.07617|0.00177
6004.47412|0.00139
6008.87207|0.00145
6013.27051|0.00188
6017.66846|0.00246
6022.06641|0.00274
6026.46387|0.00271
6030.86182|0.00258
6035.25977|0.00238
6039.65820|0.00223
6044.05615|0.00195
6048.45410|0.00164
6052.85205|0.00132
6057.25000|0.00146
6061.64795|0.00160
6066.04639|0.00157
6070.44434|0.00162
6074.84229|0.00174
6079.24023|0.00178
6083.63818|0.00167
6088.03613|0.00152
6092.43457|0.00134
6096.83252|0.00127
6101.23047|0.00136
6105.62793|0.00145
6110.02588|0.00156
6114.42383|0.00124
6118.82178|0.00082
6123.22021|0.00068
6127.61816|0.00074
6132.01611|0.00074
6136.41406|0.00086
6140.81201|0.00099
6145.20996|0.00102
6149.60840|0.00117
6154.00635|0.00120
6158.40430|0.00135
6162.80225|0.00143
6167.20020|0.00119
6171.59766|0.00087
6175.99658|0.00065
6180.39404|0.00077
6184.79199|0.00094
6189.18994|0.00116
6193.58789|0.00113
6197.98584|0.00116
6202.38428|0.00111
6206.78223|0.00094
6211.18018|0.00095
6215.57813|0.00089
6219.97607|0.00069
6224.37402|0.00044
6228.77246|0.00039
6233.17041|0.00050
6237.56836|0.00059
6241.96631|0.00064
6246.36377|0.00067
6250.76172|0.00044
6255.16064|0.00046
6259.55811|0.00043
6263.95605|0.00051
6268.35400|0.00064
6272.75195|0.00060
6277.14990|0.00046
6281.54834|0.00038
6285.94629|0.00052
6290.34424|0.00073
6294.74219|0.00082
6299.14014|0.00072
6303.53809|0.00054
6307.93604|0.00042
6312.33447|0.00047
6316.73242|0.00059
6321.13037|0.00069
6325.52783|0.00073
6329.92578|0.00086
6334.32373|0.00087
6338.72217|0.00079
6343.12012|0.00071
6347.51807|0.00063
6351.91602|0.00071
6356.31396|0.00071
6360.71191|0.00054
6365.11035|0.00036
6369.50830|0.00018
6373.90625|0.00028
6378.30420|0.00040
6382.70215|0.00058
6387.10010|0.00070
6391.49854|0.00100
6395.89648|0.00113
6400.29395|0.00118
6404.69189|0.00116
6409.08984|0.00110
6413.48779|0.00093
6417.88623|0.00079
6422.28418|0.00065
6426.68213|0.00056
6431.08008|0.00046
6435.47803|0.00059
6439.87598|0.00084
6444.27441|0.00120
6448.67236|0.00161
6453.07031|0.00175
6457.46826|0.00156
6461.86621|0.00135
6466.26367|0.00172
6470.66260|0.00190
6475.06055|0.00182
6479.45801|0.00126
6483.85596|0.00103
6488.25391|0.00076
6492.65186|0.00059
6497.05029|0.00079
6501.44824|0.00123
6505.84619|0.00127
6510.24414|0.00105
6514.64209|0.00077
6519.04004|0.00102
6523.43799|0.00157
6527.83643|0.00199
6532.23438|0.00225
6536.63232|0.00199
6541.03027|0.00142
6545.42773|0.00063
6549.82568|0.00021
6554.22461|0.00060
6558.62207|0.00102
6563.02002|0.00118
6567.41797|0.00118
6571.81592|0.00103
6576.21387|0.00093
6580.61230|0.00099
6585.01025|0.00115
6589.40820|0.00134
6593.80615|0.00157
6598.20410|0.00160
6602.60205|0.00134
6607.00049|0.00100
6611.39844|0.00064
6615.79639|0.00043
6620.19434|0.00045
6624.59180|0.00079
6628.98975|0.00098
6633.38818|0.00099
6637.78613|0.00065
6642.18408|0.00039
6646.58203|0.00041
6650.97998|0.00078
6655.37793|0.00105
6659.77637|0.00117
6664.17432|0.00128
6668.57227|0.00123
6672.97021|0.00114
6677.36816|0.00109
6681.76611|0.00100
6686.16455|0.00071
6690.56250|0.00048
6694.96045|0.00054
6699.35791|0.00095
6703.75586|0.00149
6708.15381|0.00163
6712.55176|0.00144
6716.95020|0.00109
6721.34814|0.00093
6725.74609|0.00124
6730.14404|0.00165
6734.54199|0.00190
6738.93994|0.00183
6743.33838|0.00174
6747.73633|0.00173
6752.13428|0.00177
6756.53223|0.00162
6760.93018|0.00122
6765.32764|0.00108
6769.72656|0.00104
6774.12451|0.00087
6778.52197|0.00072
6782.91992|0.00091
6787.31787|0.00113
6791.71582|0.00114
6796.11426|0.00098
6800.51221|0.00090
6804.91016|0.00086
6809.30811|0.00088
6813.70605|0.00103
6818.10400|0.00117
6822.50244|0.00126
6826.90039|0.00111
6831.29834|0.00084
6835.69629|0.00106
6840.09424|0.00137
6844.49170|0.00139
6848.89063|0.00139
6853.28809|0.00109
6857.68604|0.00092
6862.08398|0.00080
6866.48193|0.00098
6870.87988|0.00124
6875.27832|0.00153
6879.67627|0.00159
6884.07422|0.00138
6888.47217|0.00100
6892.87012|0.00115
6897.26807|0.00153
6901.66650|0.00189
6906.06445|0.00194
6910.46240|0.00181
6914.86035|0.00182
6919.25781|0.00200
6923.65576|0.00216
6928.05371|0.00223
6932.45215|0.00213
6936.85010|0.00176
6941.24805|0.00146
6945.64600|0.00152
6950.04395|0.00179
6954.44189|0.00211
6958.84033|0.00217
6963.23828|0.00197
6967.63623|0.00165
6972.03418|0.00128
6976.43213|0.00115
6980.83008|0.00103
6985.22852|0.00114
6989.62646|0.00121
6994.02441|0.00091
6998.42188|0.00070
7002.81982|0.00098
7007.21777|0.00130
7011.61621|0.00143
7016.01416|0.00143
7020.41211|0.00122
7024.81006|0.00098
7029.20801|0.00061
7033.60596|0.00032
7038.00439|0.00058
7042.40234|0.00093
7046.80029|0.00128
7051.19824|0.00118
7055.59619|0.00114
7059.99414|0.00108
7064.39258|0.00098
7068.79053|0.00111
7073.18799|0.00124
7077.58594|0.00128
7081.98389|0.00125
7086.38184|0.00120
7090.78027|0.00125
7095.17822|0.00131
7099.57617|0.00126
7103.97412|0.00128
7108.37207|0.00108
7112.77002|0.00087
7117.16846|0.00094
7121.56641|0.00104
7125.96436|0.00120
7130.36230|0.00132
7134.76025|0.00135
7139.15771|0.00130
7143.55566|0.00112
7147.95459|0.00099
7152.35205|0.00096
7156.75000|0.00095
7161.14795|0.00101
7165.54590|0.00099
7169.94385|0.00102
7174.34229|0.00116
7178.74023|0.00129
7183.13818|0.00132
7187.53613|0.00116
7191.93408|0.00083
7196.33203|0.00047
7200.73047|0.00039
7205.12842|0.00054
7209.52637|0.00054
7213.92432|0.00075
7218.32178|0.00066
7222.71973|0.00044
7227.11865|0.00040
7231.51611|0.00046
7235.91406|0.00051
7240.31201|0.00052
7244.70996|0.00051
7249.10791|0.00042
7253.50635|0.00050
7257.90430|0.00058
7262.30225|0.00073
7266.70020|0.00082
7271.09814|0.00093
7275.49609|0.00098
7279.89453|0.00097
7284.29248|0.00092
7288.69043|0.00087
7293.08838|0.00086
7297.48584|0.00091
7301.88379|0.00105
7306.28223|0.00097
7310.68018|0.00090
7315.07813|0.00084
7319.47607|0.00079
7323.87402|0.00058
7328.27197|0.00046
7332.66992|0.00032
7337.06836|0.00019
7341.46631|0.00014
7345.86426|0.00024
7350.26221|0.00040
7354.66016|0.00042
7359.05762|0.00034
7363.45654|0.00020
7367.85449|0.00001
7372.25195|0.00023
7376.64990|0.00027
7381.04785|0.00028
7385.44580|0.00039
7389.84424|0.00039
7394.24219|0.00050
7398.64014|0.00059
7403.03809|0.00065
7407.43604|0.00060
7411.83398|0.00039
7416.23242|0.00035
7420.63037|0.00056
7425.02832|0.00070
7429.42627|0.00081
7433.82422|0.00079
7438.22168|0.00058
7442.62061|0.00037
7447.01855|0.00034
7451.41602|0.00052
7455.81396|0.00071
7460.21191|0.00075
7464.60986|0.00060
7469.00830|0.00025
7473.40625|0.00030
7477.80420|0.00078
7482.20215|0.00103
7486.60010|0.00115
7490.99805|0.00105
7495.39648|0.00086
7499.79443|0.00051
7504.19238|0.00032
7508.59033|0.00057
7512.98828|0.00073
7517.38574|0.00078
7521.78467|0.00074
7526.18213|0.00071
7530.58008|0.00051
7534.97803|0.00051
7539.37598|0.00047
7543.77393|0.00040
7548.17188|0.00025
7552.57031|0.00030
7556.96826|0.00034
7561.36621|0.00030
7565.76416|0.00032
7570.16211|0.00040
7574.56006|0.00030
7578.95850|0.00021
7583.35645|0.00014
7587.75439|0.00010
7592.15186|0.00025
7596.54980|0.00034
7600.94775|0.00037
7605.34619|0.00039
7609.74414|0.00031
7614.14209|0.00028
7618.54004|0.00029
7622.93799|0.00020
7627.33594|0.00020
7631.73438|0.00022
7636.13232|0.00032
7640.53027|0.00037
7644.92822|0.00042
7649.32617|0.00041
7653.72412|0.00036
7658.12256|0.00029
7662.52051|0.00021
7666.91846|0.00009
7671.31592|0.00007
7675.71387|0.00018
7680.11182|0.00020
7684.51025|0.00025
7688.90820|0.00026
7693.30615|0.00029
7697.70410|0.00022
7702.10205|0.00029
7706.50000|0.00036
7710.89844|0.00044
7715.29639|0.00049
7719.69434|0.00060
7724.09229|0.00066
7728.49023|0.00074
7732.88818|0.00081
7737.28564|0.00077
7741.68457|0.00063
7746.08203|0.00058
7750.47998|0.00049
7754.87793|0.00043
7759.27588|0.00043
7763.67383|0.00053
7768.07227|0.00056
7772.47021|0.00048
7776.86816|0.00032
7781.26611|0.00034
7785.66406|0.00043
7790.06201|0.00052
7794.46045|0.00048
7798.85840|0.00054
7803.25635|0.00049
7807.65430|0.00039
7812.05176|0.00044
7816.44971|0.00042
7820.84863|0.00047
7825.24609|0.00039
7829.64404|0.00026
7834.04199|0.00014
7838.43994|0.00027
7842.83789|0.00030
7847.23633|0.00050
7851.63428|0.00070
7856.03223|0.00082
7860.43018|0.00094
7864.82813|0.00094
7869.22607|0.00087
7873.62451|0.00089
7878.02246|0.00088
7882.42041|0.00084
7886.81836|0.00071
7891.21582|0.00068
7895.61377|0.00064
7900.01270|0.00067
7904.41016|0.00068
7908.80811|0.00061
7913.20605|0.00056
7917.60400|0.00026
7922.00195|0.00012
7926.40039|0.00017
7930.79834|0.00031
7935.19629|0.00045
7939.59424|0.00054
7943.99219|0.00057
7948.39014|0.00051
7952.78809|0.00028
7957.18652|0.00016
7961.58447|0.00039
7965.98242|0.00062
7970.37988|0.00071
7974.77783|0.00076
7979.17578|0.00110
7983.57422|0.00151
7987.97217|0.00172
7992.37012|0.00158
7996.76807|0.00130
8001.16602|0.00106
8005.56396|0.00122
8009.96240|0.00211
8014.36035|0.00242
8018.75830|0.00358
8023.15625|0.00870
8027.55420|0.01675
8031.95166|0.01548
8036.35059|0.01075
8040.74854|0.00665
8045.14600|0.00384
8049.54395|0.00244
8053.94189|0.00213
8058.33984|0.00216
8062.73828|0.00199
8067.13623|0.00190
8071.53418|0.00208
8075.93213|0.00235
8080.33008|0.00252
8084.72803|0.00210
8089.12646|0.00156
8093.52441|0.00114
8097.92236|0.00089
8102.32031|0.00077
8106.71826|0.00093
8111.11572|0.00114
8115.51465|0.00108
8119.91260|0.00099
8124.31006|0.00100
8128.70801|0.00089
8133.10596|0.00065
8137.50391|0.00048
8141.90186|0.00063
8146.30029|0.00083
8150.69824|0.00095
8155.09619|0.00102
8159.49414|0.00093
8163.89209|0.00082
8168.29004|0.00061
8172.68848|0.00050
8177.08643|0.00040
8181.48438|0.00035
8185.88232|0.00024
8190.27979|0.00026
8194.67773|0.00040
8199.07617|0.00053
8203.47461|0.00058
8207.87207|0.00051
8212.27051|0.00055
8216.66797|0.00051
8221.06543|0.00044
8225.46484|0.00045
8229.86230|0.00050
8234.25977|0.00044
8238.65820|0.00046
8243.05566|0.00059
8247.45410|0.00051
8251.85254|0.00044
8256.25000|0.00043
8260.64844|0.00045
8265.04590|0.00037
8269.44434|0.00032
8273.84180|0.00042
8278.24023|0.00053
8282.63867|0.00067
8287.03613|0.00074
8291.43457|0.00083
8295.83203|0.00070
8300.22949|0.00059
8304.62891|0.00031
8309.02637|0.00014
8313.42383|0.00026
8317.82227|0.00045
8322.21973|0.00049
8326.61816|0.00044
8331.01660|0.00042
8335.41406|0.00039
8339.81250|0.00041
8344.20996|0.00050
8348.60840|0.00048
8353.00586|0.00045
8357.40430|0.00029
8361.80273|0.00018
8366.20020|0.00029
8370.59863|0.00037
8374.99609|0.00050
8379.39355|0.00057
8383.79199|0.00047
8388.19043|0.00041
8392.58789|0.00043
8396.98633|0.00064
8401.38379|0.00087
8405.78223|0.00107
8410.17969|0.00111
8414.57813|0.00092
8418.97656|0.00061
8423.37402|0.00043
8427.77246|0.00040
8432.16992|0.00052
8436.56836|0.00052
8440.96680|0.00047
8445.36426|0.00035
8449.76270|0.00024
8454.16016|0.00036
8458.55762|0.00046
8462.95605|0.00048
8467.35449|0.00043
8471.75195|0.00032
8476.15039|0.00024
8480.54785|0.00017
8484.94629|0.00025
8489.34375|0.00035
8493.74219|0.00049
8498.14063|0.00044
8502.53809|0.00034
8506.93652|0.00027
8511.33398|0.00028
8515.73242|0.00028
8520.13086|0.00027
8524.52832|0.00022
8528.92578|0.00013
8533.32422|0.00022
8537.72168|0.00026
8542.12012|0.00021
8546.51855|0.00030
8550.91602|0.00018
8555.31445|0.00023
8559.71191|0.00032
8564.11035|0.00042
8568.50781|0.00046
8572.90625|0.00049
8577.30469|0.00053
8581.70215|0.00052
8586.10059|0.00047
8590.49805|0.00040
8594.89551|0.00029
8599.29395|0.00016
8603.69238|0.00009
8608.08984|0.00020
8612.48828|0.00030
8616.88574|0.00041
8621.28418|0.00043
8625.68164|0.00046
8630.08008|0.00051
8634.47852|0.00049
8638.87598|0.00035
8643.27441|0.00021
8647.67188|0.00002
8652.07031|0.00010
8656.46875|0.00027
8660.86621|0.00033
8665.26465|0.00040
8669.66211|0.00044
8674.05957|0.00042
8678.45801|0.00034
8682.85645|0.00017
8687.25391|0.00013
8691.65234|0.00005
8696.04980|0.00011
8700.44824|0.00011
8704.84570|0.00006
8709.24414|0.00015
8713.64258|0.00016
8718.04004|0.00011
8722.43848|0.00018
8726.83594|0.00025
8731.23438|0.00029
8735.63281|0.00027
8740.03027|0.00032
8744.42871|0.00019
8748.82617|0.00018
8753.22363|0.00003
8757.62207|0.00016
8762.01953|0.00024
8766.41797|0.00025
8770.81641|0.00021
8775.21387|0.00012
8779.61230|0.00017
8784.00977|0.00015
8788.40820|0.00012
8792.80664|0.00025
8797.20410|0.00028
8801.60254|0.00035
8806.00000|0.00034
8810.39844|0.00048
8814.79590|0.00056
8819.19434|0.00056
8823.59277|0.00058
8827.99023|0.00053
8832.38770|0.00035
8836.78613|0.00036
8841.18359|0.00027
8845.58203|0.00020
8849.98047|0.00025
8854.37793|0.00025
8858.77637|0.00035
8863.17383|0.00047
8867.57227|0.00054
8871.97070|0.00057
8876.36816|0.00066
8880.76660|0.00065
8885.16406|0.00060
8889.56250|0.00046
8893.95996|0.00032
8898.35840|0.00035
8902.75684|0.00048
8907.15430|0.00045
8911.55176|0.00049
8915.95020|0.00055
8920.34766|0.00049
8924.74609|0.00042
8929.14453|0.00029
8933.54199|0.00020
8937.94043|0.00037
8942.33789|0.00037
8946.73633|0.00035
8951.13477|0.00025
8955.53223|0.00036
8959.93066|0.00045
8964.32813|0.00044
8968.72656|0.00037
8973.12402|0.00030
8977.52148|0.00024
8981.91992|0.00025
8986.31836|0.00025
8990.71582|0.00027
8995.11426|0.00026
8999.51172|0.00034
9003.91016|0.00035
9008.30859|0.00039
9012.70605|0.00035
9017.10449|0.00025
9021.50195|0.00029
9025.90039|0.00032
9030.29785|0.00029
9034.69629|0.00035
9039.09473|0.00030
9043.49219|0.00024
9047.88965|0.00030
9052.28809|0.00017
9056.68555|0.00002
9061.08398|0.00015
9065.48242|0.00027
9069.87988|0.00022
9074.27832|0.00025
9078.67578|0.00011
9083.07422|0.00005
9087.47266|0.00004
9091.87012|0.00012
9096.26855|0.00016
9100.66602|0.00028
9105.06445|0.00027
9109.46191|0.00031
9113.86035|0.00022
9118.25879|0.00020
9122.65625|0.00014
9127.05371|0.00022
9131.45215|0.00023
9135.84961|0.00032
9140.24805|0.00039
9144.64648|0.00036
9149.04395|0.00031
9153.44238|0.00039
9157.83984|0.00041
9162.23828|0.00033
9166.63574|0.00025
9171.03418|0.00016
9175.43262|0.00013
9179.83008|0.00015
9184.22852|0.00026
9188.62598|0.00036
9193.02344|0.00042
9197.42285|0.00046
9201.82031|0.00051
9206.21777|0.00050
9210.61621|0.00050
9215.01367|0.00048
9219.41211|0.00035
9223.81055|0.00034
9228.20801|0.00036
9232.60645|0.00046
9237.00391|0.00053
9241.40234|0.00059
9245.79980|0.00070
9250.19824|0.00112
9254.59668|0.00154
9258.99414|0.00167
9263.39258|0.00133
9267.79004|0.00103
9272.18750|0.00076
9276.58691|0.00062
9280.98438|0.00079
9285.38184|0.00084
9289.78027|0.00081
9294.17773|0.00073
9298.57617|0.00051
9302.97461|0.00035
9307.37207|0.00023
9311.77051|0.00019
9316.16797|0.00020
9320.56641|0.00013
9324.96387|0.00012
9329.36230|0.00033
9333.76074|0.00055
9338.15820|0.00079
9342.55664|0.00100
9346.95410|0.00107
9351.35156|0.00122
9355.75098|0.00113
9360.14844|0.00099
9364.54590|0.00075
9368.94434|0.00059
9373.34180|0.00059
9377.74023|0.00061
9382.13770|0.00056
9386.53613|0.00046
9390.93457|0.00038
9395.33203|0.00037
9399.73047|0.00028
9404.12793|0.00013
9408.52637|0.00007
9412.92480|0.00030
9417.32227|0.00043
9421.72070|0.00044
9426.11816|0.00041
9430.51563|0.00038
9434.91406|0.00030
9439.31250|0.00031
9443.70996|0.00028
9448.10840|0.00023
9452.50586|0.00033
9456.90430|0.00029
9461.30176|0.00027
9465.70020|0.00036
9470.09863|0.00049
9474.49609|0.00054
9478.89453|0.00069
9483.29199|0.00087
9487.69043|0.00103
9492.08887|0.00102
9496.48633|0.00065
9500.88379|0.00026
9505.28223|0.00015
9509.67969|0.00021
9514.07813|0.00030
9518.47656|0.00047
9522.87402|0.00057
9527.27246|0.00054
9531.66992|0.00056
9536.06836|0.00048
9540.46582|0.00045
9544.86426|0.00045
9549.26270|0.00049
9553.66016|0.00046
9558.05859|0.00039
9562.45605|0.00021
9566.85352|0.00016
9571.25293|0.00014
9575.65039|0.00012
9580.04785|0.00012
9584.44629|0.00018
9588.84375|0.00009
9593.24219|0.00003
9597.63965|0.00009
9602.03809|0.00019
9606.43652|0.00027
9610.83398|0.00039
9615.23242|0.00045
9619.62988|0.00051
9624.02832|0.00056
9628.42676|0.00068
9632.82422|0.00068
9637.22266|0.00060
9641.62012|0.00055
9646.01758|0.00044
9650.41602|0.00053
9654.81445|0.00062
9659.21191|0.00086
9663.61035|0.00117
9668.00781|0.00133
9672.40625|0.00139
9676.80371|0.00155
9681.20215|0.00222
9685.60059|0.00287
9689.99805|0.00193
9694.39648|0.00150
9698.79395|0.00095
9703.19238|0.00046
9707.59082|0.00016
9711.98828|0.00011
9716.38672|0.00020
9720.78418|0.00008
9725.18164|0.00009
9729.58008|0.00028
9733.97852|0.00040
9738.37598|0.00029
9742.77441|0.00045
9747.17188|0.00071
9751.57031|0.00052
9755.96777|0.00046
9760.36621|0.00047
9764.76465|0.00053
9769.16211|0.00047
9773.56055|0.00045
9777.95801|0.00033
9782.35645|0.00029
9786.75391|0.00031
9791.15234|0.00026
9795.55078|0.00027
9799.94824|0.00030
9804.34570|0.00035
9808.74414|0.00037
9813.14160|0.00039
9817.54004|0.00035
9821.93848|0.00031
9826.33594|0.00022
9830.73438|0.00017
9835.13184|0.00011
9839.53027|0.00010
9843.92871|0.00022
9848.32617|0.00023
9852.72461|0.00023
9857.12207|0.00021
9861.52051|0.00016
9865.91797|0.00017
9870.31641|0.00018
9874.71484|0.00020
9879.11230|0.00025
9883.50977|0.00030
9887.90820|0.00040
9892.30566|0.00047
9896.70410|0.00056
9901.10254|0.00062
9905.50000|0.00065
9909.89844|0.00067
9914.29590|0.00064
9918.69434|0.00064
9923.09277|0.00062
9927.49023|0.00062
9931.88867|0.00059
9936.28613|0.00053
9940.68359|0.00039
9945.08203|0.00046
9949.48047|0.00051
9953.87793|0.00058
9958.27637|0.00071
9962.67383|0.00074
9967.07227|0.00072
9971.46973|0.00069
9975.86816|0.00059
9980.26660|0.00050
9984.66406|0.00041
9989.06250|0.00038
9993.45996|0.00036
9997.85840|0.00035
